94
172
246
324
400
477
550
631
703
777
851
925
1000
1080
1152
1224
1298
1371
1446
1518
1584
1657
1725
1807
1885
1953
2028
2103
2183
2254
2326
2394
2473
2550
2623
2699
2767
2839
2921
3001
3074
3154
3229
3303
3380
3449
3530
3607
3678
3752
3825
3900
3970
4044
4118
4193
4264
4339
4412
4481
4557
4632
4706
4780
4850
4924
5001
5065
5136
5204
5273
5362
5424
5495
5567
5635
5712
5780
5853
5934
5995
6067
6137
6206
6281
6353
6427
6502
6567
6643
6704
6784
6848
6922
6986
7050
7123
7195
7267
7332
7404
7470
7539
7604
7679
7750
7819
7890
7962
8033
8099
8166
8235
8302
8371
8435
8503
8563
8630
8698
8765
8832
8898
8966
9032
9100
9165
9235
9291
9369
9454
9528
9597
9673
9751
9822
9896
9975
10182
